6.060890902712767314e+01
1.685816665026719079e+02
1.956189139691799994e+02
2.159069854993402942e+02
2.275890010374330643e+02
2.378832212979853580e+02
2.453163816310817538e+02
2.506314162020385936e+02
2.527646218382071766e+02
2.546139262272297401e+02
2.560789573421816385e+02
2.574638986559975820e+02
2.587619615508339734e+02
2.608859080214950836e+02
2.618237761503241927e+02
2.625495355403182316e+02
2.638289945317648062e+02
2.659436529675858196e+02
2.665510951772695876e+02
2.678055734107183525e+02
2.701769101179575614e+02
2.710256459750310682e+02
2.709588799699424726e+02
2.721229623940175770e+02
2.729590264039184149e+02
2.730709660396069012e+02
2.731966144948781334e+02
4.551316812912077125e+01
1.520453820616404528e+02
1.957746769025104641e+02
2.135889229675935042e+02
2.232097717320852155e+02
2.211062370461518753e+02
2.134730717922549559e+02
2.019408019155626164e+02
1.886533656785527455e+02
1.746720484741449866e+02
1.622433659591917205e+02
1.515999365903413434e+02
1.454372951516818944e+02
1.461075237927987871e+02
1.549832304896894470e+02
1.611601273339558134e+02
1.668868782092154390e+02
1.712442969606289580e+02
1.754443199089040490e+02
1.773413393471722657e+02
1.802472957279019283e+02
1.818846169360669478e+02
1.829161554035664210e+02
1.848679216199078326e+02
1.864802900746183525e+02
1.871789754686864740e+02
1.888859353303907938e+02
3.042412578485372876e+01
1.014383409259664859e+02
1.508392588460913828e+02
1.812099007389385577e+02
1.933557865824130602e+02
1.912782072043778214e+02
1.807379979274041659e+02
1.693112969003220485e+02
1.555964879233455918e+02
1.441584206552190039e+02
1.322218171043119526e+02
1.233161145012070818e+02
1.183771207800893990e+02
1.164094830847543847e+02
1.190538649566049259e+02
1.214754432686688403e+02
1.230247488010402890e+02
1.257486178762652855e+02
1.276104009577325655e+02
1.302415678002242316e+02
1.325578661049456457e+02
1.341674699024699180e+02
1.363236761658907596e+02
1.366143530987725399e+02
1.394063460685325140e+02
1.407056005209462057e+02
1.429217195723567784e+02
2.078480340264411552e+01
5.667611880889758424e+01
9.016518458582758910e+01
1.211942689949833607e+02
1.425395176104154302e+02
1.469808054108511044e+02
1.427291890377119046e+02
1.340631132510975476e+02
1.234994169457792594e+02
1.145946391668335735e+02
1.057319143633475989e+02
9.900698027043667082e+01
9.492270454195410423e+01
9.502769353515397199e+01
9.720503298145474957e+01
9.886344036931971857e+01
1.005456487274539512e+02
1.031865284073824682e+02
1.056823137862267856e+02
1.073447517606687995e+02
1.094959327873353487e+02
1.109134594732306169e+02
1.128577215036052621e+02
1.156626700991429431e+02
1.173570746454230971e+02
1.194787930183052680e+02
1.219968520816367601e+02
1.740200226796032368e+01
2.880838104838014146e+01
4.231577341668987202e+01
5.782296368198418435e+01
7.117254387503470525e+01
7.911347014670556632e+01
8.106287986971318560e+01
8.152436259023973264e+01
8.034595978304942321e+01
7.786205675878225918e+01
7.557803583150449356e+01
7.564126838033958222e+01
7.556375343794606181e+01
7.750074704108894252e+01
8.075490635782375648e+01
8.387570026333936823e+01
8.622551608817434499e+01
8.837328939199200306e+01
9.177979383509770628e+01
9.362640890902349611e+01
9.712388131101626243e+01
9.914838104613214398e+01
1.023893989178009321e+02
1.047416621234945637e+02
1.057480181635947645e+02
1.091390672239005539e+02
1.115772915170637134e+02
2.413530205651389901e+06
2.766142747987089679e+06
3.416884422880939208e+06
1.038215815302254749e+06
9.918469504687282024e+05
1.052960602013595402e+06
2.264623010781543795e+06
2.751374976310493425e+06
3.395928303516498301e+06
1.268576516902981559e+06
9.916465653734568041e+05
1.058718699206338730e+06
2.190212262069833465e+06
2.740624184300400782e+06
3.375771622797728051e+06
1.282098567066991469e+06
9.727205821987888776e+05
1.045647231776889646e+06
2.135232977929391433e+06
2.720230859906920698e+06
3.337093735036066733e+06
1.354119274283022853e+06
9.755621872957152082e+05
1.055470493423151085e+06
2.043929262591799023e+06
2.701234932867563330e+06
3.299626560773886740e+06
1.429161174188914243e+06
9.841422053447079379e+05
1.055554151739250170e+06
1.971406483003252884e+06
2.667962080883681774e+06
3.257614066593962722e+06
1.414501870123021305e+06
9.786854979049140820e+05
1.048718678404075326e+06
1.930676451254987856e+06
2.630539999097241089e+06
3.233886047387322411e+06
1.439569752855371218e+06
9.732106148241242627e+05
1.033049694890654297e+06
1.884659862829240970e+06
2.583830366327228490e+06
3.203420032563340385e+06
1.451950423945734045e+06
9.792155859565592837e+05
1.053731467823052779e+06
1.826884628083051648e+06
2.549801585825641174e+06
3.154963123700774275e+06
1.449718100957770599e+06
9.782713558459499618e+05
1.023811863751136116e+06
1.781237560716434615e+06
2.520085999790303409e+06
3.136618147353474051e+06
1.469924687584244180e+06
9.659834382059402997e+05
1.029922005210020929e+06
1.726241053664623527e+06
2.475437336187853944e+06
3.074278521534782834e+06
1.498119411003614543e+06
9.701570028551336145e+05
1.034541408337149420e+06
1.693544811565818265e+06
2.456305998244460672e+06
3.052263879021957051e+06
1.490367713250460802e+06
9.744536713600190124e+05
1.024920515909718350e+06